
Transfo_M =

  3×3 <a href="matlab:helpPopup single" style="font-weight:bold">single</a> matrix

    1.0101    0.0154         0
   -0.0162    1.0093         0
 -162.7682  -31.6853    1.0000


correlation_coeff =

    0.9831
