
Transfo_M =

  3×3 <a href="matlab:helpPopup single" style="font-weight:bold">single</a> matrix

    1.0097    0.0128         0
   -0.0131    1.0093         0
 -134.1564  -30.1065    1.0000

correlation_coeff =

    0.9394
