
Transfo_M =

  3×3 <a href="matlab:helpPopup single" style="font-weight:bold">single</a> matrix

    1.0093    0.0127         0
   -0.0136    1.0091         0
 -115.9132  -38.9316    1.0000


correlation_coeff =

    0.9362
