
Transfo_M =

  3×3 <a href="matlab:helpPopup single" style="font-weight:bold">single</a> matrix

    1.0064    0.0126         0
   -0.0126    1.0091         0
 -210.5057  -43.5064    1.0000


correlation_coeff =

    0.9570
