
Transfo_M =

  3×3 <a href="matlab:helpPopup single" style="font-weight:bold">single</a> matrix

    1.0095    0.0114         0
   -0.0127    1.0089         0
  -25.7135  -29.4447    1.0000


correlation_coeff =

    0.9621
