
Transfo_M =

  3×3 <a href="matlab:helpPopup single" style="font-weight:bold">single</a> matrix

    1.0104    0.0126         0
   -0.0129    1.0091         0
 -134.0986  -35.5455    1.0000


correlation_coeff =

    0.9742
