
Transfo_M =

  3×3 <a href="matlab:helpPopup single" style="font-weight:bold">single</a> matrix

    1.0097    0.0111         0
   -0.0120    1.0092         0
  -64.4359  -47.6921    1.0000


correlation_coeff =

    0.9503
