
Transfo_M =

  3×3 <a href="matlab:helpPopup single" style="font-weight:bold">single</a> matrix

    1.0098    0.0127         0
   -0.0130    1.0093         0
  -59.2781  -36.8823    1.0000


correlation_coeff =

    0.9798
